4,7,4,1,5,8,9,2,7,3,1,9,10,7,5,9,10,2,6,3,9,8,8,5,5,6,4,8,6,10,5,3,1,8,7,9,7,9,4,5,10,9,1,2,3,3,1,10,2,5,10,5,9,2,3,8,9,1,5,4,8,2,8,8,9,9,5,4,3,7,1,6,5,6,10,3,4,10,10,9,7,9,5,10,3,5,5,10,7,2,2,10,6,6,7,4,4,6,5,5,6,3,5,6,5,5,9,10,3,3,9,4,9,1,10,4,3,7,4,8,7,1,4,2,7,2,8,9,5,2,1,1,1,6,7,8,10,9,5,6,10,6,9,5,8,8,1,4,8,5,9,6,5,6,1,2,7,3,6,7,1,8,3,8,7,6,8,10,6,3,2,10,4,2,2,2,3,8,6,7,7,4,5,7,5,1,2,5,8,9,6,7,2,8,6,2,1,1,4,8
20
p,+,-1
p,+,1
p,*,2
p,*,1
p,*,2
p,*,1
p,*,2
o,>,36
p,*,1
p,+,1
p,*,-2
p,+,1
p,+,1
o,>,-140
p,*,1
p,+,1
p,*,2
p,+,2
p,*,1
z,+
