2,10,2,5,3,1,4,4,10,7,9,2,4,8,3,3,8,2,10,2,3,2,10,1,6,7,7,2,3,9,2,4,5,2,6,2,3,10,6,4,7,10,9,1,9,8,8,2,3,4,10,8,4,3,2,6,5,5,9,10,1,1,5,5,9,10,2,3,2,6,2,7,9,1,7,1,5,3,1,6,4,9,10,3,6,2,3,10,8,8,7,6,8,3,2,5,9,4,1,6,8,3,1,8,9,10,6,4,6,1,2,9,2,2,6,2,5,5,5,8,4,9,7,6,8,7,4,7,8,7,10,6,7,5,1,9,9,9,10,6,2,10,5,6,7,5,6,1,7,7,6,3,9,4,7,8,2,2,10,1,8,7,3,3,5,7,5,7,5,1,6,1,6,4,4,1,5,1,10,10,3,4,4,2,2,6,4,1,6,6,7,5,2,9,9,8,8,2,6,10
25
p,*,1
p,*,1
p,*,-1
p,*,1
p,+,1
p,*,-2
p,+,1
p,+,-1
o,>,7
o,<,16
p,*,-1
o,=,-14
p,*,1
p,*,-1
p,+,1
o,=,15
p,*,1
p,*,1
p,*,1
p,+,1
p,*,2
o,=,32
p,+,1
p,*,1
z,+
