3,6,3,0,4,7,8,1,6,2,0,8,9,6,4,8,9,1,5,2,8,7,7,4,4,5,3,7,5,9,4,2,0,7,6,8,6,8,3,4,9,8,0,1,2,2,0,9,1,4,9,4,8,1,2,7,8,0,4,3,7,1,7,7,8,8,4,3,2,6,0,5,4,5,9,2,3,9,9,8,6,8,4,9,2,4,4,9,6,1,1,9,5,5,6,3,3,5,4,4,5,2,4,5,4,4,8,9,2,2,8,3,8,0,9,3,2,6,3,7,6,0,3,1,6,1,7,8,4,1,0,0,0,5,6,7,9,8,4,5,9,5,8,4,7,7,0,3,7,4,8,5,4,5,0,1,6,2,5,6,0,7,2,7,6,5,7,9,5,2,1,9,3,1,1,1,2,7,5,6,6,3,4,6,4,0,1,4,7,8,5,6,1,7,5,1,0,0,3,7
4,7,4,1,5,8,9,2,7,3,1,9,10,7,5,9,10,2,6,3,9,8,8,5,5,6,4,8,6,10,5,3,1,8,7,9,7,9,4,5,10,9,1,2,3,3,1,10,2,5,10,5,9,2,3,8,9,1,5,4,8,2,8,8,9,9,5,4,3,7,1,6,5,6,10,3,4,10,10,9,7,9,5,10,3,5,5,10,7,2,2,10,6,6,7,4,4,6,5,5,6,3,5,6,5,5,9,10,3,3,9,4,9,1,10,4,3,7,4,8,7,1,4,2,7,2,8,9,5,2,1,1,1,6,7,8,10,9,5,6,10,6,9,5,8,8,1,4,8,5,9,6,5,6,1,2,7,3,6,7,1,8,3,8,7,6,8,10,6,3,2,10,4,2,2,2,3,8,6,7,7,4,5,7,5,1,2,5,8,9,6,7,2,8,6,2,1,1,4,8
8,14,8,2,10,16,18,4,14,6,2,18,20,14,10,18,20,4,12,6,18,16,16,10,10,12,8,16,12,20,10,6,2,16,14,18,14,18,8,10,20,18,2,4,6,6,2,20,4,10,20,10,18,4,6,16,18,2,10,8,16,4,16,16,18,18,10,8,6,14,2,12,10,12,20,6,8,20,20,18,14,18,10,20,6,10,10,20,14,4,4,20,12,12,14,8,8,12,10,10,12,6,10,12,10,10,18,20,6,6,18,8,18,2,20,8,6,14,8,16,14,2,8,4,14,4,16,18,10,4,2,2,2,12,14,16,20,18,10,12,20,12,18,10,16,16,2,8,16,10,18,12,10,12,2,4,14,6,12,14,2,16,6,16,14,12,16,20,12,6,4,20,8,4,4,4,6,16,12,14,14,8,10,14,10,2,4,10,16,18,12,14,4,16,12,4,2,2,8,16
8,14,8,2,10,16,18,4,14,6,2,18,20,14,10,18,20,4,12,6,18,16,16,10,10,12,8,16,12,20,10,6,2,16,14,18,14,18,8,10,20,18,2,4,6,6,2,20,4,10,20,10,18,4,6,16,18,2,10,8,16,4,16,16,18,18,10,8,6,14,2,12,10,12,20,6,8,20,20,18,14,18,10,20,6,10,10,20,14,4,4,20,12,12,14,8,8,12,10,10,12,6,10,12,10,10,18,20,6,6,18,8,18,2,20,8,6,14,8,16,14,2,8,4,14,4,16,18,10,4,2,2,2,12,14,16,20,18,10,12,20,12,18,10,16,16,2,8,16,10,18,12,10,12,2,4,14,6,12,14,2,16,6,16,14,12,16,20,12,6,4,20,8,4,4,4,6,16,12,14,14,8,10,14,10,2,4,10,16,18,12,14,4,16,12,4,2,2,8,16
16,28,16,4,20,32,36,8,28,12,4,36,40,28,20,36,40,8,24,12,36,32,32,20,20,24,16,32,24,40,20,12,4,32,28,36,28,36,16,20,40,36,4,8,12,12,4,40,8,20,40,20,36,8,12,32,36,4,20,16,32,8,32,32,36,36,20,16,12,28,4,24,20,24,40,12,16,40,40,36,28,36,20,40,12,20,20,40,28,8,8,40,24,24,28,16,16,24,20,20,24,12,20,24,20,20,36,40,12,12,36,16,36,4,40,16,12,28,16,32,28,4,16,8,28,8,32,36,20,8,4,4,4,24,28,32,40,36,20,24,40,24,36,20,32,32,4,16,32,20,36,24,20,24,4,8,28,12,24,28,4,32,12,32,28,24,32,40,24,12,8,40,16,8,8,8,12,32,24,28,28,16,20,28,20,4,8,20,32,36,24,28,8,32,24,8,4,4,16,32
16,28,16,4,20,32,36,8,28,12,4,36,40,28,20,36,40,8,24,12,36,32,32,20,20,24,16,32,24,40,20,12,4,32,28,36,28,36,16,20,40,36,4,8,12,12,4,40,8,20,40,20,36,8,12,32,36,4,20,16,32,8,32,32,36,36,20,16,12,28,4,24,20,24,40,12,16,40,40,36,28,36,20,40,12,20,20,40,28,8,8,40,24,24,28,16,16,24,20,20,24,12,20,24,20,20,36,40,12,12,36,16,36,4,40,16,12,28,16,32,28,4,16,8,28,8,32,36,20,8,4,4,4,24,28,32,40,36,20,24,40,24,36,20,32,32,4,16,32,20,36,24,20,24,4,8,28,12,24,28,4,32,12,32,28,24,32,40,24,12,8,40,16,8,8,8,12,32,24,28,28,16,20,28,20,4,8,20,32,36,24,28,8,32,24,8,4,4,16,32
32,56,32,8,40,64,72,16,56,24,8,72,80,56,40,72,80,16,48,24,72,64,64,40,40,48,32,64,48,80,40,24,8,64,56,72,56,72,32,40,80,72,8,16,24,24,8,80,16,40,80,40,72,16,24,64,72,8,40,32,64,16,64,64,72,72,40,32,24,56,8,48,40,48,80,24,32,80,80,72,56,72,40,80,24,40,40,80,56,16,16,80,48,48,56,32,32,48,40,40,48,24,40,48,40,40,72,80,24,24,72,32,72,8,80,32,24,56,32,64,56,8,32,16,56,16,64,72,40,16,8,8,8,48,56,64,80,72,40,48,80,48,72,40,64,64,8,32,64,40,72,48,40,48,8,16,56,24,48,56,8,64,24,64,56,48,64,80,48,24,16,80,32,16,16,16,24,64,48,56,56,32,40,56,40,8,16,40,64,72,48,56,16,64,48,16,8,8,32,64
56,40,64,72,56,72,80,56,40,72,80,48,72,64,64,40,40,48,64,48,80,40,64,56,72,56,72,40,80,72,80,40,80,40,72,64,72,40,64,64,64,72,72,40,56,48,40,48,80,80,80,72,56,72,40,80,40,40,80,56,80,48,48,56,48,40,40,48,40,48,40,40,72,80,72,72,80,56,64,56,56,64,72,40,48,56,64,80,72,40,48,80,48,72,40,64,64,64,40,72,48,40,48,56,48,56,64,64,56,48,64,80,48,80,64,48,56,56,40,56,40,40,64,72,48,56,64,48,64
56,40,64,72,56,72,80,56,40,72,80,48,72,64,64,40,40,48,64,48,80,40,64,56,72,56,72,40,80,72,80,40,80,40,72,64,72,40,64,64,64,72,72,40,56,48,40,48,80,80,80,72,56,72,40,80,40,40,80,56,80,48,48,56,48,40,40,48,40,48,40,40,72,80,72,72,80,56,64,56,56,64,72,40,48,56,64,80,72,40,48,80,48,72,40,64,64,64,40,72,48,40,48,56,48,56,64,64,56,48,64,80,48,80,64,48,56,56,40,56,40,40,64,72,48,56,64,48,64
57,41,65,73,57,73,81,57,41,73,81,49,73,65,65,41,41,49,65,49,81,41,65,57,73,57,73,41,81,73,81,41,81,41,73,65,73,41,65,65,65,73,73,41,57,49,41,49,81,81,81,73,57,73,41,81,41,41,81,57,81,49,49,57,49,41,41,49,41,49,41,41,73,81,73,73,81,57,65,57,57,65,73,41,49,57,65,81,73,41,49,81,49,73,41,65,65,65,41,73,49,41,49,57,49,57,65,65,57,49,65,81,49,81,65,49,57,57,41,57,41,41,65,73,49,57,65,49,65
-114,-82,-130,-146,-114,-146,-162,-114,-82,-146,-162,-98,-146,-130,-130,-82,-82,-98,-130,-98,-162,-82,-130,-114,-146,-114,-146,-82,-162,-146,-162,-82,-162,-82,-146,-130,-146,-82,-130,-130,-130,-146,-146,-82,-114,-98,-82,-98,-162,-162,-162,-146,-114,-146,-82,-162,-82,-82,-162,-114,-162,-98,-98,-114,-98,-82,-82,-98,-82,-98,-82,-82,-146,-162,-146,-146,-162,-114,-130,-114,-114,-130,-146,-82,-98,-114,-130,-162,-146,-82,-98,-162,-98,-146,-82,-130,-130,-130,-82,-146,-98,-82,-98,-114,-98,-114,-130,-130,-114,-98,-130,-162,-98,-162,-130,-98,-114,-114,-82,-114,-82,-82,-130,-146,-98,-114,-130,-98,-130
-113,-81,-129,-145,-113,-145,-161,-113,-81,-145,-161,-97,-145,-129,-129,-81,-81,-97,-129,-97,-161,-81,-129,-113,-145,-113,-145,-81,-161,-145,-161,-81,-161,-81,-145,-129,-145,-81,-129,-129,-129,-145,-145,-81,-113,-97,-81,-97,-161,-161,-161,-145,-113,-145,-81,-161,-81,-81,-161,-113,-161,-97,-97,-113,-97,-81,-81,-97,-81,-97,-81,-81,-145,-161,-145,-145,-161,-113,-129,-113,-113,-129,-145,-81,-97,-113,-129,-161,-145,-81,-97,-161,-97,-145,-81,-129,-129,-129,-81,-145,-97,-81,-97,-113,-97,-113,-129,-129,-113,-97,-129,-161,-97,-161,-129,-97,-113,-113,-81,-113,-81,-81,-129,-145,-97,-113,-129,-97,-129
-112,-80,-128,-144,-112,-144,-160,-112,-80,-144,-160,-96,-144,-128,-128,-80,-80,-96,-128,-96,-160,-80,-128,-112,-144,-112,-144,-80,-160,-144,-160,-80,-160,-80,-144,-128,-144,-80,-128,-128,-128,-144,-144,-80,-112,-96,-80,-96,-160,-160,-160,-144,-112,-144,-80,-160,-80,-80,-160,-112,-160,-96,-96,-112,-96,-80,-80,-96,-80,-96,-80,-80,-144,-160,-144,-144,-160,-112,-128,-112,-112,-128,-144,-80,-96,-112,-128,-160,-144,-80,-96,-160,-96,-144,-80,-128,-128,-128,-80,-144,-96,-80,-96,-112,-96,-112,-128,-128,-112,-96,-128,-160,-96,-160,-128,-96,-112,-112,-80,-112,-80,-80,-128,-144,-96,-112,-128,-96,-128
-112,-80,-128,-112,-112,-80,-96,-128,-128,-80,-80,-96,-128,-96,-80,-128,-112,-112,-80,-80,-80,-128,-80,-128,-128,-128,-80,-112,-96,-80,-96,-112,-80,-80,-80,-112,-96,-96,-112,-96,-80,-80,-96,-80,-96,-80,-80,-112,-128,-112,-112,-128,-80,-96,-112,-128,-80,-96,-96,-80,-128,-128,-128,-80,-96,-80,-96,-112,-96,-112,-128,-128,-112,-96,-128,-96,-128,-96,-112,-112,-80,-112,-80,-80,-128,-96,-112,-128,-96,-128
-112,-80,-128,-112,-112,-80,-96,-128,-128,-80,-80,-96,-128,-96,-80,-128,-112,-112,-80,-80,-80,-128,-80,-128,-128,-128,-80,-112,-96,-80,-96,-112,-80,-80,-80,-112,-96,-96,-112,-96,-80,-80,-96,-80,-96,-80,-80,-112,-128,-112,-112,-128,-80,-96,-112,-128,-80,-96,-96,-80,-128,-128,-128,-80,-96,-80,-96,-112,-96,-112,-128,-128,-112,-96,-128,-96,-128,-96,-112,-112,-80,-112,-80,-80,-128,-96,-112,-128,-96,-128
-111,-79,-127,-111,-111,-79,-95,-127,-127,-79,-79,-95,-127,-95,-79,-127,-111,-111,-79,-79,-79,-127,-79,-127,-127,-127,-79,-111,-95,-79,-95,-111,-79,-79,-79,-111,-95,-95,-111,-95,-79,-79,-95,-79,-95,-79,-79,-111,-127,-111,-111,-127,-79,-95,-111,-127,-79,-95,-95,-79,-127,-127,-127,-79,-95,-79,-95,-111,-95,-111,-127,-127,-111,-95,-127,-95,-127,-95,-111,-111,-79,-111,-79,-79,-127,-95,-111,-127,-95,-127
-222,-158,-254,-222,-222,-158,-190,-254,-254,-158,-158,-190,-254,-190,-158,-254,-222,-222,-158,-158,-158,-254,-158,-254,-254,-254,-158,-222,-190,-158,-190,-222,-158,-158,-158,-222,-190,-190,-222,-190,-158,-158,-190,-158,-190,-158,-158,-222,-254,-222,-222,-254,-158,-190,-222,-254,-158,-190,-190,-158,-254,-254,-254,-158,-190,-158,-190,-222,-190,-222,-254,-254,-222,-190,-254,-190,-254,-190,-222,-222,-158,-222,-158,-158,-254,-190,-222,-254,-190,-254
-220,-156,-252,-220,-220,-156,-188,-252,-252,-156,-156,-188,-252,-188,-156,-252,-220,-220,-156,-156,-156,-252,-156,-252,-252,-252,-156,-220,-188,-156,-188,-220,-156,-156,-156,-220,-188,-188,-220,-188,-156,-156,-188,-156,-188,-156,-156,-220,-252,-220,-220,-252,-156,-188,-220,-252,-156,-188,-188,-156,-252,-252,-252,-156,-188,-156,-188,-220,-188,-220,-252,-252,-220,-188,-252,-188,-252,-188,-220,-220,-156,-220,-156,-156,-252,-188,-220,-252,-188,-252
-220,-156,-252,-220,-220,-156,-188,-252,-252,-156,-156,-188,-252,-188,-156,-252,-220,-220,-156,-156,-156,-252,-156,-252,-252,-252,-156,-220,-188,-156,-188,-220,-156,-156,-156,-220,-188,-188,-220,-188,-156,-156,-188,-156,-188,-156,-156,-220,-252,-220,-220,-252,-156,-188,-220,-252,-156,-188,-188,-156,-252,-252,-252,-156,-188,-156,-188,-220,-188,-220,-252,-252,-220,-188,-252,-188,-252,-188,-220,-220,-156,-220,-156,-156,-252,-188,-220,-252,-188,-252
-18104
