-2,-9,-6,-2,-2,-5,-3,-1,-9,-9,-8,-9,-6,-4,-8,-3,-4,-3,-8,-5,-1,-5,-1,-7,-9,-4,-8,-4,-2,-10,-5,-6,-3,-10,-5,-5,-6,-7,-4,-8,-9,-1,-4,-2,-7,-9,-10,-8,-10,-5,-4,-5,-4,-8,-9,-2,-7,-3,-7,-2,-9,-3,-3,-6,-10,-10,-6,-9,-9,-4,-7,-4,-2,-7,-4,-1,-7,-4,-10,-1,-6,-2,-1,-4,-3,-1,-4,-9,-8,-3,-6,-1,-2,-7,-10,-9,-5,-2,-7,-7
-4,-18,-12,-4,-4,-10,-6,-2,-18,-18,-16,-18,-12,-8,-16,-6,-8,-6,-16,-10,-2,-10,-2,-14,-18,-8,-16,-8,-4,-20,-10,-12,-6,-20,-10,-10,-12,-14,-8,-16,-18,-2,-8,-4,-14,-18,-20,-16,-20,-10,-8,-10,-8,-16,-18,-4,-14,-6,-14,-4,-18,-6,-6,-12,-20,-20,-12,-18,-18,-8,-14,-8,-4,-14,-8,-2,-14,-8,-20,-2,-12,-4,-2,-8,-6,-2,-8,-18,-16,-6,-12,-2,-4,-14,-20,-18,-10,-4,-14,-14
-4,-18,-12,-4,-4,-10,-6,-2,-18,-18,-16,-18,-12,-8,-16,-6,-8,-6,-16,-10,-2,-10,-2,-14,-18,-8,-16,-8,-4,-10,-12,-6,-10,-10,-12,-14,-8,-16,-18,-2,-8,-4,-14,-18,-16,-10,-8,-10,-8,-16,-18,-4,-14,-6,-14,-4,-18,-6,-6,-12,-12,-18,-18,-8,-14,-8,-4,-14,-8,-2,-14,-8,-2,-12,-4,-2,-8,-6,-2,-8,-18,-16,-6,-12,-2,-4,-14,-18,-10,-4,-14,-14
-4,-12,-4,-4,-10,-6,-2,-12,-8,-6,-8,-6,-10,-2,-10,-2,-14,-8,-8,-4,-10,-12,-6,-10,-10,-12,-14,-8,-2,-8,-4,-14,-10,-8,-10,-8,-4,-14,-6,-14,-4,-6,-6,-12,-12,-8,-14,-8,-4,-14,-8,-2,-14,-8,-2,-12,-4,-2,-8,-6,-2,-8,-6,-12,-2,-4,-14,-10,-4,-14,-14
-6,-14,-6,-6,-12,-8,-4,-14,-10,-8,-10,-8,-12,-4,-12,-4,-16,-10,-10,-6,-12,-14,-8,-12,-12,-14,-16,-10,-4,-10,-6,-16,-12,-10,-12,-10,-6,-16,-8,-16,-6,-8,-8,-14,-14,-10,-16,-10,-6,-16,-10,-4,-16,-10,-4,-14,-6,-4,-10,-8,-4,-10,-8,-14,-4,-6,-16,-12,-6,-16,-16
6,14,6,6,12,8,4,14,10,8,10,8,12,4,12,4,16,10,10,6,12,14,8,12,12,14,16,10,4,10,6,16,12,10,12,10,6,16,8,16,6,8,8,14,14,10,16,10,6,16,10,4,16,10,4,14,6,4,10,8,4,10,8,14,4,6,16,12,6,16,16
8,16,8,8,14,10,6,16,12,10,12,10,14,6,14,6,18,12,12,8,14,16,10,14,14,16,18,12,6,12,8,18,14,12,14,12,8,18,10,18,8,10,10,16,16,12,18,12,8,18,12,6,18,12,6,16,8,6,12,10,6,12,10,16,6,8,18,14,8,18,18
16,32,16,16,28,20,12,32,24,20,24,20,28,12,28,12,36,24,24,16,28,32,20,28,28,32,36,24,12,24,16,36,28,24,28,24,16,36,20,36,16,20,20,32,32,24,36,24,16,36,24,12,36,24,12,32,16,12,24,20,12,24,20,32,12,16,36,28,16,36,36
17,33,17,17,29,21,13,33,25,21,25,21,29,13,29,13,37,25,25,17,29,33,21,29,29,33,37,25,13,25,17,37,29,25,29,25,17,37,21,37,17,21,21,33,33,25,37,25,17,37,25,13,37,25,13,33,17,13,25,21,13,25,21,33,13,17,37,29,17,37,37
1775
