4,3,5,5,3,6,8,3,2,4,2,4,4,2,10,4,3,4,10,8,6,5,1,3,1,2,10,10,4,5,1,8,10,1,6,6,1,2,2,10,5,4,6,9,4,7,2,9,8,5,3,3,9,3,7,9,8,10,9,5,6,2,5,3,7,2,4,10,8,6,4,1,3,10,6,1,3,10,2,7,8,10,2,2,8,10,6,6,1,2,6,6,5,6,5,7,7,1,3,3,3,3,8,2,10,6,1,4,8,4,8,3,10,5,1,7,1,7,7,9,5,9,1,9,8,1,5,1,1,3,8,8,5,9,9,2,4,2,1,2,2,6,5,4,8,2,4,6,9,2,1,7,5,8,3,4,6,1,4,10,2,1,6,6,7,8,3,8,8,5,9,3,1,6,10,2,10,7,5,2,3,6,10,9,7,9,8,2,6,9,8,7,7,3,6,4,1,7,1,2
15
o,<,5
p,+,1
o,>,3
o,>,4
o,=,5
p,+,2
o,=,7
p,+,2
p,+,-1
p,+,1
p,*,2
p,*,1
o,=,18
o,=,18
z,+
